1697961854626 29706.71875 0
1697961854673 29692.2890625 1
1697961854716 29675.396484375 2
1697961854762 29655.28125 3
1697961854803 29632.56640625 4
1697961854849 29606.818359375 5
1697961854894 29576.447265625 6
1697961854938 29539.84765625 7
1697961854982 29495.935546875 8
1697961855026 29444.529296875 9
1697961855072 29384.68359375 10
1697961855115 29317.498046875 11
1697961855162 29237.13671875 12
1697961855302 29145.0 13
1697961855343 29037.888671875 14
1697961855382 28913.91796875 15
1697961855424 28777.4140625 16
1697961855465 28626.291015625 17
1697961855505 28460.224609375 18
1697961855546 28274.42578125 19
1697961855588 28073.693359375 20
1697961855628 27857.3203125 21
1697961855671 27628.98828125 22
1697961855710 27387.4765625 23
1697961855750 27124.78515625 24
1697961855791 26838.0078125 25
1697961855832 26537.708984375 26
1697961855874 26202.9140625 27
1697961855917 25846.4453125 28
1697961855960 25496.69921875 29
1697961856003 25134.515625 30
1697961856098 24748.24609375 31
1697961856140 24337.05078125 32
1697961856180 23913.095703125 33
1697961856222 23480.76953125 34
1697961856263 23053.076171875 35
1697961856313 22608.13671875 36
1697961856370 22146.9921875 37
1697961856415 21678.982421875 38
1697961856456 21190.037109375 39
1697961856497 20678.556640625 40
1697961856538 20154.25 41
1697961856607 19574.80078125 42
1697961856647 18978.6796875 43
1697961856688 18389.84765625 44
1697961856728 17809.142578125 45
1697961856766 17238.470703125 46
1697961856806 16629.802734375 47
1697961856846 16022.5380859375 48
1697961856905 15441.912109375 49
1697961863357 15441.912109375 0
