1697961854626 153.72146606445312 0
1697961854673 153.67303466796875 1
1697961854716 153.61666870117188 2
1697961854762 153.5524139404297 3
1697961854803 153.47914123535156 4
1697961854849 153.39381408691406 5
1697961854894 153.29342651367188 6
1697961854938 153.17515563964844 7
1697961854982 153.03240966796875 8
1697961855026 152.86184692382812 9
1697961855072 152.66952514648438 10
1697961855115 152.44810485839844 11
1697961855162 152.19126892089844 12
1697961855302 151.89385986328125 13
1697961855343 151.5414581298828 14
1697961855382 151.13839721679688 15
1697961855424 150.69586181640625 16
1697961855465 150.20193481445312 17
1697961855505 149.66424560546875 18
1697961855546 149.05747985839844 19
1697961855588 148.3967742919922 20
1697961855628 147.6830596923828 21
1697961855671 146.92967224121094 22
1697961855710 146.12667846679688 23
1697961855750 145.25552368164062 24
1697961855791 144.2987823486328 25
1697961855832 143.26622009277344 26
1697961855874 142.1410675048828 27
1697961855917 140.93069458007812 28
1697961855960 139.70480346679688 29
1697961856003 138.46812438964844 30
1697961856098 137.10223388671875 31
1697961856140 135.6288604736328 32
1697961856180 134.1066131591797 33
1697961856222 132.56393432617188 34
1697961856263 131.0047607421875 35
1697961856313 129.36032104492188 36
1697961856370 127.6407470703125 37
1697961856415 125.87065887451172 38
1697961856456 123.9836654663086 39
1697961856497 122.00656127929688 40
1697961856538 119.9111328125 41
1697961856607 117.63169860839844 42
1697961856647 115.19286346435547 43
1697961856688 112.75263214111328 44
1697961856728 110.3085708618164 45
1697961856766 107.83104705810547 46
1697961856806 105.2033462524414 47
1697961856846 102.62296295166016 48
1697961856905 100.07173919677734 49
1697961863359 100.07173919677734 0
