1697964070643 29707.919921875 0
1697964070692 29696.146484375 1
1697964070734 29684.974609375 2
1697964070793 29672.78125 3
1697964070836 29659.037109375 4
1697964070877 29643.419921875 5
1697964070922 29625.791015625 6
1697964070960 29606.138671875 7
1697964071008 29583.71875 8
1697964071055 29559.36328125 9
1697964071103 29531.232421875 10
1697964071151 29500.615234375 11
1697964071286 29465.080078125 12
1697964071328 29425.478515625 13
1697964071370 29380.591796875 14
1697964071411 29328.201171875 15
1697964071453 29268.71875 16
1697964071496 29198.63671875 17
1697964071538 29118.193359375 18
1697964071579 29033.578125 19
1697964071621 28940.314453125 20
1697964071663 28840.630859375 21
1697964071703 28728.912109375 22
1697964071741 28604.6484375 23
1697964071780 28473.240234375 24
1697964071821 28335.630859375 25
1697964071860 28187.115234375 26
1697964071904 28024.875 27
1697964071944 27850.759765625 28
1697964071983 27670.955078125 29
1697964072024 27471.322265625 30
1697964072112 27262.68359375 31
1697964072153 27034.75390625 32
1697964072194 26785.716796875 33
1697964072232 26519.951171875 34
1697964072272 26226.94921875 35
1697964072310 25921.1953125 36
1697964072352 25610.169921875 37
1697964072390 25276.2265625 38
1697964072430 24930.15234375 39
1697964072467 24573.458984375 40
1697964072507 24190.28515625 41
1697964072548 23805.1328125 42
1697964072626 23422.912109375 43
1697964072666 23039.4921875 44
1697964072708 22617.662109375 45
1697964072747 22183.57421875 46
1697964072787 21749.177734375 47
1697964072827 21289.36328125 48
1697964072875 20824.158203125 49
1697964079432 20824.158203125 0
