1697964070643 153.730224609375 0
1697964070692 153.69483947753906 1
1697964070734 153.65989685058594 2
1697964070793 153.62124633789062 3
1697964070836 153.57810974121094 4
1697964070877 153.52880859375 5
1697964070922 153.47239685058594 6
1697964070960 153.40904235839844 7
1697964071008 153.33840942382812 8
1697964071055 153.26051330566406 9
1697964071103 153.17205810546875 10
1697964071151 153.07313537597656 11
1697964071286 152.9615020751953 12
1697964071328 152.83570861816406 13
1697964071370 152.693603515625 14
1697964071411 152.5286865234375 15
1697964071453 152.33973693847656 16
1697964071496 152.11842346191406 17
1697964071538 151.86569213867188 18
1697964071579 151.5955047607422 19
1697964071621 151.30418395996094 20
1697964071663 150.98597717285156 21
1697964071703 150.62393188476562 22
1697964071741 150.2270965576172 23
1697964071780 149.80709838867188 24
1697964071821 149.36148071289062 25
1697964071860 148.8915557861328 26
1697964071904 148.3611297607422 27
1697964071944 147.7974395751953 28
1697964071983 147.19888305664062 29
1697964072024 146.55105590820312 30
1697964072112 145.8529510498047 31
1697964072153 145.0941162109375 32
1697964072194 144.2674560546875 33
1697964072232 143.3751983642578 34
1697964072272 142.40011596679688 35
1697964072310 141.36676025390625 36
1697964072352 140.29747009277344 37
1697964072390 139.1676483154297 38
1697964072430 137.96458435058594 39
1697964072467 136.7079315185547 40
1697964072507 135.3673095703125 41
1697964072548 134.01730346679688 42
1697964072626 132.64520263671875 43
1697964072666 131.22010803222656 44
1697964072708 129.6648406982422 45
1697964072747 128.06161499023438 46
1697964072787 126.42411041259766 47
1697964072827 124.71644592285156 48
1697964072875 122.90589904785156 49
1697964079433 122.90589904785156 0
