1697960222883 29701.611328125 0
1697960222931 29683.490234375 1
1697960222973 29662.50390625 2
1697960223021 29638.5546875 3
1697960223152 29609.533203125 4
1697960223205 29576.11328125 5
1697960223256 29535.89453125 6
1697960223313 29488.328125 7
1697960223366 29433.951171875 8
1697960223412 29370.521484375 9
1697960223458 29296.611328125 10
1697960223502 29214.3125 11
1697960223548 29120.486328125 12
1697960223592 29017.05859375 13
1697960223636 28901.873046875 14
1697960223680 28772.78515625 15
1697960223729 28634.744140625 16
1697960223775 28480.9296875 17
1697960223819 28316.857421875 18
1697960223863 28128.087890625 19
1697960223908 27924.9296875 20
1697960223953 27710.796875 21
1697960223999 27473.521484375 22
1697960224045 27214.65234375 23
1697960224090 26936.037109375 24
1697960224135 26638.84375 25
1697960224179 26313.0859375 26
1697960224223 25983.265625 27
1697960224268 25630.884765625 28
1697960224316 25279.23828125 29
1697960224361 24908.326171875 30
1697960224404 24521.232421875 31
1697960224448 24102.451171875 32
1697960224493 23664.193359375 33
1697960224535 23225.033203125 34
1697960224579 22753.224609375 35
1697960224624 22280.771484375 36
1697960224668 21793.23046875 37
1697960224713 21303.9140625 38
1697960224758 20779.8828125 39
1697960224802 20251.5703125 40
1697960224849 19705.97265625 41
1697960224894 19152.60546875 42
1697960224939 18616.45703125 43
1697960224985 18078.806640625 44
1697960225029 17540.263671875 45
1697960225074 16995.337890625 46
1697960225118 16436.708984375 47
1697960225165 15854.1064453125 48
1697960225211 15286.2548828125 49
1697960233926 15286.2548828125 0
