1697960222883 153.71640014648438 0
1697960222931 153.657470703125 1
1697960222973 153.58953857421875 2
1697960223021 153.51063537597656 3
1697960223152 153.41912841796875 4
1697960223205 153.3119354248047 5
1697960223256 153.18357849121094 6
1697960223313 153.03245544433594 7
1697960223366 152.86032104492188 8
1697960223412 152.65890502929688 9
1697960223458 152.42579650878906 10
1697960223502 152.1636505126953 11
1697960223548 151.8639373779297 12
1697960223592 151.53936767578125 13
1697960223636 151.1717071533203 14
1697960223680 150.76358032226562 15
1697960223729 150.3147430419922 16
1697960223775 149.82864379882812 17
1697960223819 149.29443359375 18
1697960223863 148.69320678710938 19
1697960223908 148.0394744873047 20
1697960223953 147.33218383789062 21
1697960223999 146.57089233398438 22
1697960224045 145.71609497070312 23
1697960224090 144.79000854492188 24
1697960224135 143.81324768066406 25
1697960224179 142.73802185058594 26
1697960224223 141.6214141845703 27
1697960224268 140.4368133544922 28
1697960224316 139.2073516845703 29
1697960224361 137.92721557617188 30
1697960224404 136.5774383544922 31
1697960224448 135.1110076904297 32
1697960224493 133.54649353027344 33
1697960224535 131.94570922851562 34
1697960224579 130.244873046875 35
1697960224624 128.46102905273438 36
1697960224668 126.63288116455078 37
1697960224713 124.77377319335938 38
1697960224758 122.76559448242188 39
1697960224802 120.70783996582031 40
1697960224849 118.5437240600586 41
1697960224894 116.33657836914062 42
1697960224939 114.12850952148438 43
1697960224985 111.89838409423828 44
1697960225029 109.5967788696289 45
1697960225074 107.2859878540039 46
1697960225118 104.85345458984375 47
1697960225165 102.31420135498047 48
1697960225211 99.8275146484375 49
1697960233928 99.8275146484375 0
