1697964345227 29703.107421875 0
1697964345268 29685.828125 1
1697964345309 29667.95703125 2
1697964345356 29646.857421875 3
1697964345402 29620.5546875 4
1697964345441 29588.91796875 5
1697964345489 29551.611328125 6
1697964345531 29507.76171875 7
1697964345571 29456.125 8
1697964345616 29396.642578125 9
1697964345660 29328.408203125 10
1697964345705 29247.724609375 11
1697964345842 29151.4765625 12
1697964345889 29043.322265625 13
1697964345929 28926.23828125 14
1697964345970 28789.025390625 15
1697964346009 28641.54296875 16
1697964346048 28479.4140625 17
1697964346087 28298.53515625 18
1697964346125 28090.9921875 19
1697964346165 27867.08984375 20
1697964346203 27629.755859375 21
1697964346241 27379.56640625 22
1697964346282 27110.064453125 23
1697964346322 26821.8359375 24
1697964346362 26501.203125 25
1697964346403 26151.3828125 26
1697964346442 25777.884765625 27
1697964346481 25369.0625 28
1697964346521 24950.439453125 29
1697964346559 24518.642578125 30
1697964346598 24067.31640625 31
1697964346691 23572.87890625 32
1697964346729 23083.173828125 33
1697964346771 22593.18359375 34
1697964346809 22093.009765625 35
1697964346850 21556.00390625 36
1697964346888 20994.583984375 37
1697964346926 20396.306640625 38
1697964346968 19777.6640625 39
1697964347007 19164.4140625 40
1697964347046 18565.162109375 41
1697964347086 17996.033203125 42
1697964347125 17412.322265625 43
1697964347198 16803.509765625 44
1697964347239 16210.27734375 45
1697964347279 15608.9501953125 46
1697964347319 15043.5439453125 47
1697964347358 14495.9599609375 48
1697964347400 13903.5634765625 49
1697964353809 13903.5634765625 0
