1697964345227 153.7104949951172 0
1697964345268 153.6556396484375 1
1697964345309 153.59803771972656 2
1697964345356 153.52978515625 3
1697964345402 153.44650268554688 4
1697964345441 153.3472442626953 5
1697964345489 153.23118591308594 6
1697964345531 153.09214782714844 7
1697964345571 152.92868041992188 8
1697964345616 152.7428741455078 9
1697964345660 152.52731323242188 10
1697964345705 152.27288818359375 11
1697964345842 151.96978759765625 12
1697964345889 151.63034057617188 13
1697964345929 151.25259399414062 14
1697964345970 150.82545471191406 15
1697964346009 150.35311889648438 16
1697964346048 149.8368377685547 17
1697964346087 149.25868225097656 18
1697964346125 148.6005859375 19
1697964346165 147.8641357421875 20
1697964346203 147.099365234375 21
1697964346241 146.287841796875 22
1697964346282 145.3990020751953 23
1697964346322 144.43614196777344 24
1697964346362 143.38255310058594 25
1697964346403 142.2051544189453 26
1697964346442 140.9236297607422 27
1697964346481 139.5410614013672 28
1697964346521 138.08596801757812 29
1697964346559 136.60205078125 30
1697964346598 134.98858642578125 31
1697964346691 133.23191833496094 32
1697964346729 131.44940185546875 33
1697964346771 129.65342712402344 34
1697964346809 127.8123779296875 35
1697964346850 125.80469512939453 36
1697964346888 123.63870239257812 37
1697964346926 121.33675384521484 38
1697964346968 118.92025756835938 39
1697964347007 116.42002868652344 40
1697964347046 113.96857452392578 41
1697964347086 111.57282257080078 42
1697964347125 109.11444091796875 43
1697964347198 106.46626281738281 44
1697964347239 103.86466217041016 45
1697964347279 101.27548217773438 46
1697964347319 98.76022338867188 47
1697964347358 96.32456970214844 48
1697964347400 93.83906555175781 49
1697964353811 93.83906555175781 0
