1697962089561 29702.302734375 0
1697962089617 29688.884765625 1
1697962089660 29672.263671875 2
1697962089709 29652.4140625 3
1697962089749 29628.65234375 4
1697962089795 29599.78125 5
1697962089839 29565.748046875 6
1697962089877 29525.580078125 7
1697962089923 29480.52734375 8
1697962089967 29427.390625 9
1697962090012 29366.4609375 10
1697962090056 29292.966796875 11
1697962090097 29207.673828125 12
1697962090248 29111.369140625 13
1697962090298 28999.849609375 14
1697962090346 28876.7109375 15
1697962090394 28729.146484375 16
1697962090443 28571.677734375 17
1697962090491 28401.666015625 18
1697962090541 28204.599609375 19
1697962090591 27992.21484375 20
1697962090637 27766.62109375 21
1697962090674 27513.33203125 22
1697962090713 27248.404296875 23
1697962090752 26967.40234375 24
1697962090793 26663.068359375 25
1697962090833 26328.080078125 26
1697962090873 25977.98046875 27
1697962090912 25621.646484375 28
1697962090952 25244.34375 29
1697962090992 24845.96875 30
1697962091030 24438.7421875 31
1697962091069 23998.7109375 32
1697962091159 23557.822265625 33
1697962091201 23106.728515625 34
1697962091240 22629.80859375 35
1697962091281 22127.65234375 36
1697962091321 21610.994140625 37
1697962091360 21076.630859375 38
1697962091401 20546.3359375 39
1697962091442 20006.2421875 40
1697962091483 19457.39453125 41
1697962091522 18892.427734375 42
1697962091561 18319.869140625 43
1697962091629 17759.91015625 44
1697962091668 17161.994140625 45
1697962091709 16550.56640625 46
1697962091750 15958.7802734375 47
1697962091790 15391.2138671875 48
1697962091829 14838.1015625 49
1697962098296 14838.1015625 0
