1697962089561 153.7060546875 0
1697962089617 153.66177368164062 1
1697962089660 153.6072998046875 2
1697962089709 153.54295349121094 3
1697962089749 153.4656524658203 4
1697962089795 153.37216186523438 5
1697962089839 153.26229858398438 6
1697962089877 153.1324005126953 7
1697962089923 152.9855194091797 8
1697962089967 152.8178253173828 9
1697962090012 152.62078857421875 10
1697962090056 152.38372802734375 11
1697962090097 152.1068115234375 12
1697962090248 151.79656982421875 13
1697962090298 151.44549560546875 14
1697962090346 151.04612731933594 15
1697962090394 150.57623291015625 16
1697962090443 150.06405639648438 17
1697962090491 149.50921630859375 18
1697962090541 148.87393188476562 19
1697962090591 148.1788330078125 20
1697962090637 147.43394470214844 21
1697962090674 146.60406494140625 22
1697962090713 145.72891235351562 23
1697962090752 144.78480529785156 24
1697962090793 143.76939392089844 25
1697962090833 142.6507110595703 26
1697962090873 141.45700073242188 27
1697962090912 140.2379150390625 28
1697962090952 138.9265594482422 29
1697962090992 137.5459747314453 30
1697962091030 136.0994415283203 31
1697962091069 134.55859375 32
1697962091159 132.95379638671875 33
1697962091201 131.3043212890625 34
1697962091240 129.57199096679688 35
1697962091281 127.66915130615234 36
1697962091321 125.73043823242188 37
1697962091360 123.69286346435547 38
1697962091401 121.60719299316406 39
1697962091442 119.53443908691406 40
1697962091483 117.31680297851562 41
1697962091522 114.98255920410156 42
1697962091561 112.6434326171875 43
1697962091629 110.29328155517578 44
1697962091668 107.74336242675781 45
1697962091709 105.10326385498047 46
1697962091750 102.50032043457031 47
1697962091790 99.99095153808594 48
1697962091829 97.60031127929688 49
1697962098298 97.60031127929688 0
