1697923055948 29706.798828125 0
1697923056002 29692.43359375 1
1697923056047 29677.146484375 2
1697923056087 29658.60546875 3
1697923056132 29637.654296875 4
1697923056176 29613.873046875 5
1697923056218 29586.626953125 6
1697923056261 29554.359375 7
1697923056306 29516.14453125 8
1697923056348 29472.705078125 9
1697923056390 29420.583984375 10
1697923056430 29359.630859375 11
1697923056472 29289.560546875 12
1697923056514 29206.982421875 13
1697923056556 29110.234375 14
1697923056598 28996.27734375 15
1697923056641 28873.369140625 16
1697923056691 28734.09375 17
1697923056734 28579.146484375 18
1697923056779 28407.837890625 19
1697923056821 28220.203125 20
1697923056863 28001.12109375 21
1697923056906 27767.064453125 22
1697923056949 27506.28515625 23
1697923056994 27207.498046875 24
1697923057035 26890.31640625 25
1697923057079 26550.521484375 26
1697923057123 26186.841796875 27
1697923057167 25802.509765625 28
1697923057212 25389.54296875 29
1697923057254 24941.853515625 30
1697923057298 24469.716796875 31
1697923057345 23958.0703125 32
1697923057394 23445.6171875 33
1697923057438 22918.396484375 34
1697923057481 22346.44140625 35
1697923057526 21732.92578125 36
1697923057570 21100.275390625 37
1697923057612 20482.634765625 38
1697923057656 19857.654296875 39
1697923057697 19231.888671875 40
1697923057743 18603.328125 41
1697923057791 17960.216796875 42
1697923057844 17335.76953125 43
1697923057892 16711.63671875 44
1697923057940 16038.5400390625 45
1697923057984 15393.1142578125 46
1697923058028 14784.01953125 47
1697923058071 14158.826171875 48
1697923058113 13549.5966796875 49
1697923064271 13549.5966796875 0
