1697923055948 153.7205810546875 0
1697923056002 153.6741485595703 1
1697923056047 153.62339782714844 2
1697923056087 153.56336975097656 3
1697923056132 153.4947509765625 4
1697923056176 153.418212890625 5
1697923056218 153.33103942871094 6
1697923056261 153.2264862060547 7
1697923056306 153.1045684814453 8
1697923056348 152.96365356445312 9
1697923056390 152.79849243164062 10
1697923056430 152.60255432128906 11
1697923056472 152.37643432617188 12
1697923056514 152.10952758789062 13
1697923056556 151.79063415527344 14
1697923056598 151.42617797851562 15
1697923056641 151.03076171875 16
1697923056691 150.58580017089844 17
1697923056734 150.07669067382812 18
1697923056779 149.52487182617188 19
1697923056821 148.909912109375 20
1697923056863 148.20677185058594 21
1697923056906 147.44422912597656 22
1697923056949 146.5791473388672 23
1697923056994 145.59564208984375 24
1697923057035 144.5264434814453 25
1697923057079 143.4029998779297 26
1697923057123 142.1867218017578 27
1697923057167 140.8816680908203 28
1697923057212 139.48374938964844 29
1697923057254 137.9370880126953 30
1697923057298 136.2779998779297 31
1697923057345 134.4819793701172 32
1697923057394 132.62521362304688 33
1697923057438 130.7143096923828 34
1697923057481 128.63243103027344 35
1697923057526 126.31434631347656 36
1697923057570 123.92789459228516 37
1697923057612 121.50617218017578 38
1697923057656 119.08271789550781 39
1697923057697 116.5338134765625 40
1697923057743 113.92133331298828 41
1697923057791 111.30829620361328 42
1697923057844 108.62274169921875 43
1697923057892 105.87779235839844 44
1697923057940 102.99757385253906 45
1697923057984 100.20105743408203 46
1697923058028 97.49243927001953 47
1697923058071 94.84676361083984 48
1697923058113 92.16230010986328 49
1697923064273 92.16230010986328 0
