1697924336070 29709.626953125 0
1697924336116 29696.662109375 1
1697924336157 29683.4609375 2
1697924336203 29667.9296875 3
1697924336247 29649.94921875 4
1697924336292 29629.71484375 5
1697924336337 29604.919921875 6
1697924336380 29577.65234375 7
1697924336427 29544.4765625 8
1697924336472 29506.05859375 9
1697924336516 29459.4765625 10
1697924336560 29406.27734375 11
1697924336604 29343.224609375 12
1697924336648 29272.75390625 13
1697924336691 29191.818359375 14
1697924336736 29099.98828125 15
1697924336782 29001.044921875 16
1697924336830 28885.94921875 17
1697924336875 28759.39453125 18
1697924336920 28622.451171875 19
1697924336964 28471.47265625 20
1697924337008 28305.263671875 21
1697924337052 28116.33203125 22
1697924337099 27910.931640625 23
1697924337143 27692.12109375 24
1697924337188 27459.080078125 25
1697924337234 27212.314453125 26
1697924337277 26945.818359375 27
1697924337323 26663.181640625 28
1697924337369 26354.490234375 29
1697924337413 26016.37890625 30
1697924337458 25665.546875 31
1697924337504 25274.5546875 32
1697924337546 24881.43359375 33
1697924337591 24458.203125 34
1697924337636 24009.212890625 35
1697924337679 23545.78515625 36
1697924337726 23073.841796875 37
1697924337771 22566.560546875 38
1697924337815 22049.970703125 39
1697924337862 21546.544921875 40
1697924337905 21033.63671875 41
1697924337951 20497.513671875 42
1697924337994 19926.287109375 43
1697924338040 19364.296875 44
1697924338085 18792.51953125 45
1697924338131 18232.58203125 46
1697924338178 17666.517578125 47
1697924338227 17107.744140625 48
1697924338271 16533.240234375 49
1697924347175 16533.240234375 0
