1697924336070 153.730712890625 0
1697924336116 153.6891632080078 1
1697924336157 153.64651489257812 2
1697924336203 153.59689331054688 3
1697924336247 153.54087829589844 4
1697924336292 153.4749755859375 5
1697924336337 153.3974609375 6
1697924336380 153.3081817626953 7
1697924336427 153.20455932617188 8
1697924336472 153.08016967773438 9
1697924336516 152.93389892578125 10
1697924336560 152.7626190185547 11
1697924336604 152.56207275390625 12
1697924336648 152.33795166015625 13
1697924336691 152.08103942871094 14
1697924336736 151.79165649414062 15
1697924336782 151.4745330810547 16
1697924336830 151.10960388183594 17
1697924336875 150.70458984375 18
1697924336920 150.2610626220703 19
1697924336964 149.7721405029297 20
1697924337008 149.237060546875 21
1697924337052 148.62457275390625 22
1697924337099 147.96450805664062 23
1697924337143 147.24374389648438 24
1697924337188 146.48951721191406 25
1697924337234 145.67282104492188 26
1697924337277 144.80140686035156 27
1697924337323 143.8564910888672 28
1697924337369 142.8143768310547 29
1697924337413 141.697509765625 30
1697924337458 140.4755096435547 31
1697924337504 139.15773010253906 32
1697924337546 137.77557373046875 33
1697924337591 136.2972412109375 34
1697924337636 134.72239685058594 35
1697924337679 133.10194396972656 36
1697924337726 131.35281372070312 37
1697924337771 129.4974365234375 38
1697924337815 127.59660339355469 39
1697924337862 125.6771240234375 40
1697924337905 123.75752258300781 41
1697924337951 121.67121124267578 42
1697924337994 119.42879486083984 43
1697924338040 117.22118377685547 44
1697924338085 114.93467712402344 45
1697924338131 112.56414031982422 46
1697924338178 110.21231842041016 47
1697924338227 107.8125228881836 48
1697924338271 105.37205505371094 49
1697924347177 105.37205505371094 0
