1697965861059 29710.453125 0
1697965861103 29701.9921875 1
1697965861143 29692.21875 2
1697965861190 29680.69921875 3
1697965861235 29667.513671875 4
1697965861274 29652.34375 5
1697965861321 29634.162109375 6
1697965861367 29612.142578125 7
1697965861411 29584.634765625 8
1697965861457 29551.265625 9
1697965861501 29508.765625 10
1697965861546 29459.26953125 11
1697965861693 29400.734375 12
1697965861731 29332.373046875 13
1697965861770 29255.623046875 14
1697965861810 29166.388671875 15
1697965861849 29066.69921875 16
1697965861889 28951.78125 17
1697965861927 28829.142578125 18
1697965861967 28692.26953125 19
1697965862008 28548.611328125 20
1697965862049 28392.056640625 21
1697965862089 28216.955078125 22
1697965862130 28027.365234375 23
1697965862169 27824.92578125 24
1697965862209 27609.283203125 25
1697965862250 27377.419921875 26
1697965862290 27128.919921875 27
1697965862329 26864.95703125 28
1697965862368 26582.82421875 29
1697965862408 26287.822265625 30
1697965862448 25983.779296875 31
1697965862488 25655.24609375 32
1697965862528 25315.076171875 33
1697965862629 24958.27734375 34
1697965862669 24586.82421875 35
1697965862711 24203.57421875 36
1697965862750 23798.685546875 37
1697965862791 23384.900390625 38
1697965862831 22971.671875 39
1697965862869 22565.19921875 40
1697965862909 22137.9375 41
1697965862949 21697.650390625 42
1697965862989 21238.98828125 43
1697965863030 20779.296875 44
1697965863069 20299.126953125 45
1697965863108 19814.470703125 46
1697965863147 19335.37890625 47
1697965863224 18839.583984375 48
1697965863265 18306.947265625 49
1697965869719 18306.947265625 0
