1697965861059 153.73507690429688 0
1697965861103 153.70648193359375 1
1697965861143 153.6735382080078 2
1697965861190 153.63461303710938 3
1697965861235 153.58950805664062 4
1697965861274 153.5374755859375 5
1697965861321 153.47679138183594 6
1697965861367 153.40184020996094 7
1697965861411 153.30996704101562 8
1697965861457 153.19712829589844 9
1697965861501 153.05856323242188 10
1697965861546 152.893798828125 11
1697965861693 152.70068359375 12
1697965861731 152.47999572753906 13
1697965861770 152.23117065429688 14
1697965861810 151.93992614746094 15
1697965861849 151.61138916015625 16
1697965861889 151.24691772460938 17
1697965861927 150.83798217773438 18
1697965861967 150.39842224121094 19
1697965862008 149.92556762695312 20
1697965862049 149.40428161621094 21
1697965862089 148.83509826660156 22
1697965862130 148.2109375 23
1697965862169 147.54873657226562 24
1697965862209 146.8291015625 25
1697965862250 146.05184936523438 26
1697965862290 145.22781372070312 27
1697965862329 144.3409423828125 28
1697965862368 143.38571166992188 29
1697965862408 142.39315795898438 30
1697965862448 141.34388732910156 31
1697965862488 140.21864318847656 32
1697965862528 139.0296173095703 33
1697965862629 137.7871856689453 34
1697965862669 136.48028564453125 35
1697965862711 135.1048583984375 36
1697965862750 133.65228271484375 37
1697965862791 132.16390991210938 38
1697965862831 130.6556854248047 39
1697965862869 129.12973022460938 40
1697965862909 127.52552032470703 41
1697965862949 125.8429183959961 42
1697965862989 124.10564422607422 43
1697965863030 122.30709838867188 44
1697965863069 120.4111099243164 45
1697965863108 118.51314544677734 46
1697965863147 116.6096420288086 47
1697965863224 114.52601623535156 48
1697965863265 112.31111907958984 49
1697965869721 112.31111907958984 0
